    -800.000     188.243475
    -799.000     186.708871
    -798.000     184.830050
    -797.000     182.838501
    -796.000     180.871740
    -795.000     179.218176
    -794.000     178.024907
    -793.000     177.399403
    -792.000     177.457463
    -791.000     178.195174
    -790.000     179.529914
    -789.000     181.370911
    -788.000     183.561243
    -787.000     185.815415
    -786.000     188.003115
    -785.000     189.830008
    -784.000     191.119553
    -783.000     191.744320
    -782.000     191.629086
    -781.000     190.745325
    -780.000     189.236489
    -779.000     187.238999
    -778.000     184.931535
    -777.000     182.613565
    -776.000     180.479363
    -775.000     178.742645
    -774.000     177.606233
    -773.000     177.152303
    -772.000     177.390912
    -771.000     178.340457
    -770.000     179.837144
    -769.000     181.710687
    -768.000     183.795066
    -767.000     185.795348
    -766.000     187.524380
    -765.000     188.791639
    -764.000     189.473489
    -763.000     189.491645
    -762.000     188.936111
    -761.000     187.851929
    -760.000     186.426836
    -759.000     184.874048
    -758.000     183.363756
    -757.000     182.091772
    -756.000     181.216581
    -755.000     180.792039
    -754.000     180.864083
    -753.000     181.397166
    -752.000     182.269554
    -751.000     183.355962
    -750.000     184.501698
    -749.000     185.507559
    -748.000     186.240149
    -747.000     186.585649
    -746.000     186.476062
    -745.000     185.904803
    -744.000     184.975658
    -743.000     183.748297
    -742.000     182.435961
    -741.000     181.193736
    -740.000     180.192210
    -739.000     179.599865
    -738.000     179.532399
    -737.000     180.033092
    -736.000     181.106654
    -735.000     182.688875
    -734.000     184.615124
    -733.000     186.717294
    -732.000     188.761959
    -731.000     190.478676
    -730.000     191.677758
    -729.000     192.151841
    -728.000     191.793114
    -727.000     190.590219
    -726.000     188.630138
    -725.000     186.058050
    -724.000     183.177031
    -723.000     180.218926
    -722.000     177.548894
    -721.000     175.408193
    -720.000     174.065662
    -719.000     173.662123
    -718.000     174.274289
    -717.000     175.894355
    -716.000     178.387091
    -715.000     181.562344
    -714.000     185.136291
    -713.000     188.797095
    -712.000     192.166053
    -711.000     194.966247
    -710.000     196.854013
    -709.000     197.685074
    -708.000     197.326155
    -707.000     195.831165
    -706.000     193.288378
    -705.000     189.986114
    -704.000     186.163791
    -703.000     182.196914
    -702.000     178.416071
    -701.000     175.125374
    -700.000     172.618498
    -699.000     171.085666
    -698.000     170.653045
    -697.000     171.371726
    -696.000     173.188394
    -695.000     175.987692
    -694.000     179.529883
    -693.000     183.574199
    -692.000     187.740503
    -691.000     191.700723
    -690.000     195.081137
    -689.000     197.585597
    -688.000     198.938876
    -687.000     199.078879
    -686.000     197.909126
    -685.000     195.621080
    -684.000     192.393474
    -683.000     188.560993
    -682.000     184.457014
    -681.000     180.477121
    -680.000     176.935503
    -679.000     174.131634
    -678.000     172.290046
    -677.000     171.506272
    -676.000     171.830831
    -675.000     173.223714
    -674.000     175.496819
    -673.000     178.475701
    -672.000     181.892112
    -671.000     185.392801
    -670.000     188.732796
    -669.000     191.597169
    -668.000     193.740634
    -667.000     195.034142
    -666.000     195.412328
    -665.000     194.849651
    -664.000     193.515492
    -663.000     191.543953
    -662.000     189.145635
    -661.000     186.567423
    -660.000     184.042446
    -659.000     181.705776
    -658.000     179.804769
    -657.000     178.355123
    -656.000     177.450310
    -655.000     177.081949
    -654.000     177.214894
    -653.000     177.735376
    -652.000     178.606549
    -651.000     179.674867
    -650.000     180.850812
    -649.000     182.067832
    -648.000     183.250574
    -647.000     184.327806
    -646.000     185.349985
    -645.000     186.259410
    -644.000     187.074584
    -643.000     187.843843
    -642.000     188.527401
    -641.000     189.095456
    -640.000     189.583621
    -639.000     189.835297
    -638.000     189.856876
    -637.000     189.551012
    -636.000     188.869091
    -635.000     187.746879
    -634.000     186.274872
    -633.000     184.418358
    -632.000     182.332850
    -631.000     180.174050
    -630.000     178.077179
    -629.000     176.259238
    -628.000     174.925127
    -627.000     174.200096
    -626.000     174.222761
    -625.000     175.112556
    -624.000     176.785672
    -623.000     179.257144
    -622.000     182.357138
    -621.000     185.860856
    -620.000     189.495883
    -619.000     193.014136
    -618.000     195.966512
    -617.000     198.152938
    -616.000     199.296278
    -615.000     199.165082
    -614.000     197.797783
    -613.000     195.236362
    -612.000     191.630861
    -611.000     187.366845
    -610.000     182.772869
    -609.000     178.240469
    -608.000     174.226953
    -607.000     171.063120
    -606.000     169.005350
    -605.000     168.319195
    -604.000     169.034064
    -603.000     171.132160
    -602.000     174.486882
    -601.000     178.838709
    -600.000     183.773489
    -599.000     188.960944
    -598.000     193.833919
    -597.000     197.967857
    -596.000     200.980886
    -595.000     202.558534
    -594.000     202.533529
    -593.000     200.982267
    -592.000     198.025883
    -591.000     193.962698
    -590.000     189.240961
    -589.000     184.250402
    -588.000     179.420350
    -587.000     175.200323
    -586.000     171.849579
    -585.000     169.611272
    -584.000     168.665438
    -583.000     168.991782
    -582.000     170.547345
    -581.000     173.227992
    -580.000     176.748626
    -579.000     180.849373
    -578.000     185.226824
    -577.000     189.470969
    -576.000     193.257797
    -575.000     196.321442
    -574.000     198.348622
    -573.000     199.223128
    -572.000     198.951812
    -571.000     197.479378
    -570.000     195.064533
    -569.000     191.929878
    -568.000     188.299622
    -567.000     184.560656
    -566.000     181.006093
    -565.000     177.859424
    -564.000     175.409746
    -563.000     173.801085
    -562.000     173.080679
    -561.000     173.320195
    -560.000     174.427125
    -559.000     176.258010
    -558.000     178.658029
    -557.000     181.399790
    -556.000     184.191497
    -555.000     186.853696
    -554.000     189.143900
    -553.000     190.861134
    -552.000     191.968570
    -551.000     192.377168
    -550.000     192.130439
    -549.000     191.330446
    -548.000     190.108696
    -547.000     188.567350
    -546.000     186.934062
    -545.000     185.288898
    -544.000     183.756980
    -543.000     182.435068
    -542.000     181.370292
    -541.000     180.535237
    -540.000     179.997081
    -539.000     179.665716
    -538.000     179.519331
    -537.000     179.560201
    -536.000     179.709561
    -535.000     179.968430
    -534.000     180.352396
    -533.000     180.837983
    -532.000     181.450093
    -531.000     182.225115
    -530.000     183.157948
    -529.000     184.230661
    -528.000     185.478662
    -527.000     186.783179
    -526.000     188.106632
    -525.000     189.350656
    -524.000     190.371512
    -523.000     191.036843
    -522.000     191.282255
    -521.000     190.933766
    -520.000     190.017201
    -519.000     188.525952
    -518.000     186.515477
    -517.000     184.148827
    -516.000     181.630439
    -515.000     179.143459
    -514.000     176.956366
    -513.000     175.295583
    -512.000     174.312345
    -511.000     174.168447
    -510.000     174.924154
    -509.000     176.533557
    -508.000     178.933498
    -507.000     181.933373
    -506.000     185.274893
    -505.000     188.695629
    -504.000     191.859006
    -503.000     194.463786
    -502.000     196.241093
    -501.000     197.013740
    -500.000     196.654235
    -499.000     195.222744
    -498.000     192.806259
    -497.000     189.650496
    -496.000     186.026071
    -495.000     182.300296
    -494.000     178.749170
    -493.000     175.750734
    -492.000     173.500535
    -491.000     172.229848
    -490.000     172.007256
    -489.000     172.879982
    -488.000     174.744267
    -487.000     177.455793
    -486.000     180.774903
    -485.000     184.397740
    -484.000     187.993724
    -483.000     191.242501
    -482.000     193.802265
    -481.000     195.463484
    -480.000     196.054047
    -479.000     195.544118
    -478.000     194.008152
    -477.000     191.640508
    -476.000     188.665993
    -475.000     185.454382
    -474.000     182.263712
    -473.000     179.446166
    -472.000     177.200594
    -471.000     175.749812
    -470.000     175.139777
    -469.000     175.420234
    -468.000     176.486213
    -467.000     178.215438
    -466.000     180.401616
    -465.000     182.810503
    -464.000     185.215257
    -463.000     187.357683
    -462.000     189.089197
    -461.000     190.222852
    -460.000     190.724156
    -459.000     190.567422
    -458.000     189.837201
    -457.000     188.607721
    -456.000     187.097971
    -455.000     185.400672
    -454.000     183.759253
    -453.000     182.289424
    -452.000     181.128031
    -451.000     180.369717
    -450.000     180.064817
    -449.000     180.194253
    -448.000     180.735823
    -447.000     181.598341
    -446.000     182.666659
    -445.000     183.808597
    -444.000     184.911117
    -443.000     185.797253
    -442.000     186.415915
    -441.000     186.669201
    -440.000     186.535178
    -439.000     186.043360
    -438.000     185.285423
    -437.000     184.314032
    -436.000     183.327336
    -435.000     182.407709
    -434.000     181.702584
    -433.000     181.301247
    -432.000     181.289579
    -431.000     181.628033
    -430.000     182.344185
    -429.000     183.337600
    -428.000     184.478830
    -427.000     185.673823
    -426.000     186.764679
    -425.000     187.594645
    -424.000     188.107807
    -423.000     188.191709
    -422.000     187.816870
    -421.000     187.044766
    -420.000     185.910287
    -419.000     184.514522
    -418.000     183.030148
    -417.000     181.578293
    -416.000     180.294483
    -415.000     179.357325
    -414.000     178.829646
    -413.000     178.778380
    -412.000     179.263618
    -411.000     180.216483
    -410.000     181.554374
    -409.000     183.224146
    -408.000     184.980238
    -407.000     186.714007
    -406.000     188.233005
    -405.000     189.360665
    -404.000     189.977410
    -403.000     190.040085
    -402.000     189.488391
    -401.000     188.403733
    -400.000     186.924540
    -399.000     185.162010
    -398.000     183.337566
    -397.000     181.659365
    -396.000     180.261987
    -395.000     179.305615
    -394.000     178.906278
    -393.000     179.024985
    -392.000     179.675481
    -391.000     180.773222
    -390.000     182.119186
    -389.000     183.612977
    -388.000     185.059491
    -387.000     186.274658
    -386.000     187.147319
    -385.000     187.637507
    -384.000     187.623207
    -383.000     187.244282
    -382.000     186.532502
    -381.000     185.585156
    -380.000     184.586340
    -379.000     183.668770
    -378.000     182.895686
    -377.000     182.435211
    -376.000     182.294182
    -375.000     182.458004
    -374.000     182.940117
    -373.000     183.623713
    -372.000     184.390762
    -371.000     185.154853
    -370.000     185.776689
    -369.000     186.106211
    -368.000     186.139214
    -367.000     185.800543
    -366.000     185.068556
    -365.000     184.099206
    -364.000     182.919477
    -363.000     181.691136
    -362.000     180.608749
    -361.000     179.792590
    -360.000     179.362385
    -359.000     179.493570
    -358.000     180.148931
    -357.000     181.343199
    -356.000     183.026769
    -355.000     185.003115
    -354.000     187.080355
    -353.000     189.085812
    -352.000     190.696122
    -351.000     191.742195
    -350.000     192.097082
    -349.000     191.604904
    -348.000     190.324387
    -347.000     188.374569
    -346.000     185.879397
    -345.000     183.122505
    -344.000     180.377223
    -343.000     177.866774
    -342.000     175.864110
    -341.000     174.572332
    -340.000     174.079265
    -339.000     174.465823
    -338.000     175.756433
    -337.000     177.781988
    -336.000     180.474593
    -335.000     183.594286
    -334.000     186.877796
    -333.000     190.069526
    -332.000     192.921630
    -331.000     195.094303
    -330.000     196.472598
    -329.000     196.865754
    -328.000     196.209180
    -327.000     194.552425
    -326.000     192.051246
    -325.000     188.834205
    -324.000     185.249666
    -323.000     181.576640
    -322.000     178.085486
    -321.000     175.143289
    -320.000     172.968871
    -319.000     171.717375
    -318.000     171.581791
    -317.000     172.528230
    -316.000     174.504793
    -315.000     177.384683
    -314.000     180.930026
    -313.000     184.791979
    -312.000     188.728785
    -311.000     192.297218
    -310.000     195.214639
    -309.000     197.223162
    -308.000     198.135358
    -307.000     197.840019
    -306.000     196.476243
    -305.000     194.086539
    -304.000     190.956827
    -303.000     187.390060
    -302.000     183.642062
    -301.000     180.068802
    -300.000     176.931552
    -299.000     174.461466
    -298.000     172.799109
    -297.000     172.100953
    -296.000     172.322665
    -295.000     173.471202
    -294.000     175.420239
    -293.000     178.013528
    -292.000     181.012163
    -291.000     184.239742
    -290.000     187.362074
    -289.000     190.194535
    -288.000     192.511640
    -287.000     194.120335
    -286.000     194.942680
    -285.000     194.957091
    -284.000     194.163400
    -283.000     192.700975
    -282.000     190.715581
    -281.000     188.371587
    -280.000     185.868494
    -279.000     183.435704
    -278.000     181.161507
    -277.000     179.254344
    -276.000     177.772607
    -275.000     176.775207
    -274.000     176.280468
    -273.000     176.300679
    -272.000     176.742173
    -271.000     177.611546
    -270.000     178.795402
    -269.000     180.243937
    -268.000     181.871939
    -267.000     183.631561
    -266.000     185.409418
    -265.000     187.173745
    -264.000     188.834067
    -263.000     190.296945
    -262.000     191.511650
    -261.000     192.377023
    -260.000     192.811058
    -259.000     192.779579
    -258.000     192.211141
    -257.000     191.101982
    -256.000     189.485741
    -255.000     187.407041
    -254.000     184.980274
    -253.000     182.344098
    -252.000     179.670422
    -251.000     177.135857
    -250.000     174.961833
    -249.000     173.306695
    -248.000     172.355465
    -247.000     172.224871
    -246.000     173.007376
    -245.000     174.699374
    -244.000     177.281991
    -243.000     180.592950
    -242.000     184.460331
    -241.000     188.574827
    -240.000     192.624734
    -239.000     196.224327
    -238.000     199.007692
    -237.000     200.675234
    -236.000     200.969504
    -235.000     199.823039
    -234.000     197.277956
    -233.000     193.537742
    -232.000     188.951368
    -231.000     183.939649
    -230.000     178.963987
    -229.000     174.476916
    -228.000     170.881472
    -227.000     168.447913
    -226.000     167.406986
    -225.000     167.813853
    -224.000     169.637922
    -223.000     172.729796
    -222.000     176.876855
    -221.000     181.701031
    -220.000     186.881865
    -219.000     191.957898
    -218.000     196.528303
    -217.000     200.219738
    -216.000     202.722942
    -215.000     203.828539
    -214.000     203.455079
    -213.000     201.654653
    -212.000     198.579819
    -211.000     194.500061
    -210.000     189.765747
    -209.000     184.742909
    -208.000     179.825918
    -207.000     175.389381
    -206.000     171.729613
    -205.000     169.117171
    -204.000     167.731548
    -203.000     167.636075
    -202.000     168.869316
    -201.000     171.325969
    -200.000     174.828757
    -199.000     179.122842
    -198.000     183.898726
    -197.000     188.720686
    -196.000     193.252795
    -195.000     197.075967
    -194.000     199.840170
    -193.000     201.359207
    -192.000     201.483891
    -191.000     200.208755
    -190.000     197.736083
    -189.000     194.259096
    -188.000     190.122704
    -187.000     185.718855
    -186.000     181.382098
    -185.000     177.449437
    -184.000     174.236683
    -183.000     171.913576
    -182.000     170.609279
    -181.000     170.411951
    -180.000     171.244884
    -179.000     173.019867
    -178.000     175.608889
    -177.000     178.753512
    -176.000     182.221973
    -175.000     185.800486
    -174.000     189.146703
    -173.000     192.094902
    -172.000     194.424684
    -171.000     195.993668
    -170.000     196.709951
    -169.000     196.617044
    -168.000     195.685825
    -167.000     194.079076
    -166.000     191.924529
    -165.000     189.376422
    -164.000     186.611020
    -163.000     183.852687
    -162.000     181.192512
    -161.000     178.827424
    -160.000     176.876504
    -159.000     175.395383
    -158.000     174.479831
    -157.000     174.180093
    -156.000     174.454465
    -155.000     175.342968
    -154.000     176.787471
    -153.000     178.700577
    -152.000     180.998655
    -151.000     183.604905
    -150.000     186.271067
    -149.000     188.947812
    -148.000     191.394469
    -147.000     193.432687
    -146.000     194.931781
    -145.000     195.766654
    -144.000     195.770583
    -143.000     195.007870
    -142.000     193.442994
    -141.000     191.146828
    -140.000     188.323430
    -139.000     185.122106
    -138.000     181.759476
    -137.000     178.514395
    -136.000     175.615813
    -135.000     173.222988
    -134.000     171.637080
    -133.000     170.895790
    -132.000     171.120418
    -131.000     172.366613
    -130.000     174.555362
    -129.000     177.557929
    -128.000     181.269584
    -127.000     185.349217
    -126.000     189.540903
    -125.000     193.528777
    -124.000     196.919827
    -123.000     199.401073
    -122.000     200.774246
    -121.000     200.787700
    -120.000     199.453474
    -119.000     196.866213
    -118.000     193.209014
    -117.000     188.809339
    -116.000     184.116874
    -115.000     179.463853
    -114.000     175.330522
    -113.000     172.047396
    -112.000     169.877539
    -111.000     168.982053
    -110.000     169.468348
    -109.000     171.212071
    -108.000     174.100106
    -107.000     177.882078
    -106.000     182.196187
    -105.000     186.680786
    -104.000     190.996528
    -103.000     194.677732
    -102.000     197.502683
    -101.000     199.233616
    -100.000     199.706363
     -99.000     198.981874
     -98.000     197.161456
     -97.000     194.385951
     -96.000     190.990825
     -95.000     187.250685
     -94.000     183.427356
     -93.000     179.871155
     -92.000     176.809918
     -91.000     174.401294
     -90.000     172.839460
     -89.000     172.182743
     -88.000     172.390249
     -87.000     173.505661
     -86.000     175.348261
     -85.000     177.781600
     -84.000     180.648691
     -83.000     183.702735
     -82.000     186.687250
     -81.000     189.453117
     -80.000     191.727503
     -79.000     193.364313
     -78.000     194.288641
     -77.000     194.413501
     -76.000     193.750951
     -75.000     192.434275
     -74.000     190.538361
     -73.000     188.243845
     -72.000     185.793298
     -71.000     183.319947
     -70.000     181.037093
     -69.000     179.127580
     -68.000     177.667987
     -67.000     176.768452
     -66.000     176.459696
     -65.000     176.723875
     -64.000     177.489089
     -63.000     178.720042
     -62.000     180.245256
     -61.000     181.964122
     -60.000     183.756639
     -59.000     185.471042
     -58.000     186.996441
     -57.000     188.287306
     -56.000     189.211470
     -55.000     189.789694
     -54.000     190.006596
     -53.000     189.851110
     -52.000     189.387053
     -51.000     188.669722
     -50.000     187.724996
     -49.000     186.639674
     -48.000     185.481236
     -47.000     184.273183
     -46.000     183.098192
     -45.000     182.010816
     -44.000     181.011025
     -43.000     180.190333
     -42.000     179.567041
     -41.000     179.152650
     -40.000     179.008703
     -39.000     179.150234
     -38.000     179.561697
     -37.000     180.286655
     -36.000     181.275293
     -35.000     182.495264
     -34.000     183.897580
     -33.000     185.399788
     -32.000     186.869714
     -31.000     188.237993
     -30.000     189.357163
     -29.000     190.108473
     -28.000     190.433966
     -27.000     190.256615
     -26.000     189.556558
     -25.000     188.407205
     -24.000     186.848393
     -23.000     185.030626
     -22.000     183.098073
     -21.000     181.213194
     -20.000     179.535706
     -19.000     178.214974
     -18.000     177.369563
     -17.000     177.060813
     -16.000     177.340401
     -15.000     178.174871
     -14.000     179.509229
     -13.000     181.230584
     -12.000     183.213473
     -11.000     185.257629
     -10.000     187.233715
      -9.000     188.921562
      -8.000     190.213256
      -7.000     190.954216
      -6.000     191.125612
      -5.000     190.671325
      -4.000     189.683461
      -3.000     188.235454
      -2.000     186.483178
      -1.000     184.597101
       0.000     182.758477
